0.108 3 100
0.110 2 100
0.073 1 100
1.6 1 100
2.110 2 100
4.110 2 100
4.21 3 100
4.5 1 100
5.643 1 100
6.110 2 100
8.09 3 100
8.110 2 100
8.55 1 100
9.4 1 100
10.110 2 100
12.110 2 100
12.136 3 100
12.4 1 100
13.55 1 100
16.15 2 150
16.4 3 100
16.65 1 100
17.677 1 100
18.158 2 150
20.15 2 150
20.25 3 100
20.666 1 100
21.7 1 100
22.193 2 150
24.209 3 100
24.25 2 150
24.602 1 100
25.6 1 100
26.177 2 150
28.208 2 150
28.283 3 100
28.676 1 100
29.4 1 100
30.185 2 150
32.175 1 100
32.900 4 150
33.300 1 100
34.937 4 150
36.150 1 100
37.040 4 150
38.900 4 150
56.17 2 150
58.17 2 150
60.17 2 150
62.15 2 150
64.15 2 150
66.15 2 150
68.15 2 150
70.15 2 150
72.15 2 150
74.1 2 150
76.15 2 150
78.15 2 150
80.15 2 150
82.15 2 150
84.1 2 150
86.1 2 150
88.1 2 150
90.1 2 150
92.1 2 150
94.1 2 150
108.2 2 150
108.3 3 100
108.64 1 100
109.6 1 100
110.15 2 150
112.1 3 100
112.15 2 150
112.5 3 100
113.6 1 100
114.15 2 150
116.1 3 100
116.15 2 150
116.4 1 100
117.4 1 100
118.15 2 150
120.05 3 100
120.15 2 150
120.5 1 100
121.65 1 100
122.15 2 150
124.1 3 100
124.15 2 150
124.65 1 100
125.7 1 100
126.15 2 150
128 3 100
128.15 2 150
128.5 1 100
129.5 1 100
130.15 2 150
132.05 3 100
132.15 2 150
132.7 1 100
133.6 1 100
134.15 2 150
136.06 3 100
136.15 2 150
136.6 1 100
137.5 1 100
138.15 2 150
140.03 3 100
140.15 2 150
140.6 1 100
141.5 1 100
142.15 2 150
143.95 3 100
144.15 2 150
144.6 1 100
145.5 1 100
146.15 2 150
148.13 3 100
148.15 2 150
148.7 1 100
149.6 1 100
150.15 2 150
152.12 3 100
152.15 2 150
152.7 1 100
153.6 1 100
154.15 2 150
156.04 3 100
156.15 2 150
156.6 1 100
155.5 1 100
158.15 2 150
160.15 2 150
160.2 3 100
160.7 1 100
161.6 1 100
162.15 2 150
164.1 3 100
164.15 2 150
164.65 1 100
165.55 1 100
166.15 2 150
168 3 100
168.15 2 150
168.6 1 100
169.5 1 100